-8.19417094969538198e+01
 1.38218264322100524e+01
 1.36349494877811281e+02
 1.23387134932455349e-04
 1.55112687753261502e+00
 1.08090121689871288e+00
 2.56580764975926877e-03
 9.70268621360823480e-01
 9.81102991926996904e-01
 2.91830372594407486e-02
 9.99342285885472692e-01
 4.59058279127975456e-03
 9.84903939781809901e-01
 9.93593320936812852e-01
 8.44699698105520411e-04
 1.86755226658756671e-02
 1.24303323367425616e-04
 9.51455722364783929e-01
 7.39221711179900876e-01
-1.13684734225831036e-38
1.0
 9.99233591073527605e-01