-8.10595540560759389e+01
 2.20201677312389959e-04
 3.55405714705996933e+00
 2.36814960282873341e-02
 1.84684054976242678e+01
 1.27005742918223433e+02
 4.11772827159808969e-03
 6.11351287418077982e-01
 5.96242226806091957e-01
 4.80609264561525904e-04
 4.28189211980976925e-01
 4.42068047093526623e-03
 4.84835823001915784e-08
 9.99995013624313533e-01
 1.62277183681636312e-04
 9.10347738726954625e-01
 5.88071950935505823e-05
 9.88466856698424268e-01
 9.99067814873508930e-01
 8.88919635403270791e-01
 7.90222631011375909e-01