-8.77181791760205130e+01
 6.62899656680280991e+00
 6.62914763398825801e+00
 1.45245490673090814e+02
 1.45245461838773394e+02
 7.52959821239448230e-05
 7.27694899057321323e-05
 1.90205252629266774e+00
 7.55665789760730060e-03
 8.14887984107506069e-01
 8.14885977069463863e-01
 8.14967212699118315e-01
 6.19022166795414996e-01
 8.14877335031124139e-01
 1.98685133762135468e-04
 4.95701947163303624e-01
 2.74129221309573790e-01
 1.74943812951420304e-03
 9.98101514053735706e-01
 9.87341335860219438e-01
 8.91713571344432193e-04
 9.98101512239945032e-01
 9.90543521964353690e-01
 2.97373894960740466e-11
 9.99991467358607666e-01
 3.03487100963547916e-08
 2.31150537447894986e-08
 9.99999943899581689e-01
 2.60696633036829072e-09
 1.07270994696990321e-18
 2.89040245808899066e-19
 2.96881933570815147e-11
 5.08977327594801454e-05
 2.75925652915080886e-04
 9.99672681430769039e-01
 4.95153868194768542e-07
 2.80384353478819003e-15
 5.28608895142658638e-15
 2.96801375987954601e-11
 9.99616195615735448e-01
 7.18231402304799854e-05
 6.06202777016063925e-05
 1.89103966385367161e-08
 8.68816523333423700e-05
 1.64766860866251061e-04
0.0
0.0
0.0
 2.22085439802898132e-01
 4.87097640703955956e-04
 9.98346093149521940e-01
 4.93636497088303303e-02
 1.21025536086358475e-09
1.0
 9.99999999999999223e-01
 7.81924989437062824e-03