-8.41445307078546847e+01
 2.15872497396561855e-03
 7.13812943908664344e-01
 7.12861995286908523e-01
 1.86779855460862830e-06
 9.75175741893718695e-01
 9.99401900973416857e-01
 2.86621766452052167e-02
 1.71480368348304983e-02
 3.58181028330710179e-04
 7.96032742691542339e-01
 3.58167280771465974e-04
 9.99997572758292930e-01
 1.88810053428050094e-02
 3.54668127995918982e-03
 8.85032244706216775e-01
 1.13063701661976241e-06
 1.46870758221931276e-07
 3.80405421161860824e+00
 8.30043804397641471e-01
 9.81915240585742692e-03
 1.22706258989019865e-01
 8.06963384748373216e-03
 3.28659131251597398e-04
 2.54689387296802702e-03
 1.36926109819294928e-01
 2.38648569208208287e-03
 8.60222587781130435e-03
 1.10647666488440811e-02
 8.07723479428800045e-02
 1.24349361777484124e-01
 1.25735876157259829e+00
 6.08713177011978579e-01
 1.01213627240946362e+01
 1.01201880861227220e+01
 1.01203447329136438e+01
 2.04758575208696355e-04
 1.19413393267654258e-04
 9.71418180738032629e-05