-8.78332288916871704e+01
 8.05487751119800599e+00
 8.05496381322842403e+00
 1.43802003204835785e+02
 1.43801967715077581e+02
 7.70278448583335272e-05
 7.61672396796916527e-05
 1.99012994127929033e+00
 1.91720112869099668e+00
 7.46974960151314347e-03
 6.92234344724763306e-01
 6.92226719510814159e-01
 6.92182570066151803e-01
 4.48122238612971291e-01
 6.92151373530987768e-01
 1.94390707744642772e-04
 4.98125950925077166e-01
 2.75021517473226562e-01
 1.01254240404271135e-03
 9.99540875628162184e-01
 9.99529400423437187e-01
 5.15920584503191731e-04
 9.99540875869704304e-01
 9.99538524612269885e-01
 2.43600008370184563e-09
 9.99999990449729981e-01
 9.24517334205529839e-01
 9.99999990449759624e-01
 9.99843091986997501e-01
 9.99973615255570603e-01
 9.99999990448357745e-01
 9.99999990448442233e-01
 1.81060192028855761e-03
 9.99624234646788290e-01
 7.04423791605879914e-05
 5.91346942204971216e-05
 1.85574279534317725e-08
 8.52193080586360804e-05
 1.61223421260677164e-04
0.0
0.0
0.0
 2.35778144716444260e-01
 1.96490374367594661e-04
 9.96803583136286142e-01
 4.68446020083818944e-07
 5.85413132141760206e-07
 1.62569150495837055e-02