-7.42524601694584732e+01
 1.51918942098339116e-01
 1.20560745985473314e-02
 4.46148210485297376e-04
 4.79074249559721110e-01
 3.28688054595740298e-01
 2.59963809034529821e-02
 8.91132044049405500e-04
 6.71111331858053206e-06
 3.12321043780219470e-07
 2.47017887111583875e-08
 8.46706066742393624e-10
 6.36289120464806483e-12
 1.89178916798550465e-05
 9.98600172849326562e-01
 4.72517155505257774e-02
 3.40223986428940250e-02
 1.28044760929389430e-03
 9.49495298813502919e-01
 1.88891887357615592e-03
 7.07653394494643824e-03
 3.34784041576027702e-01
 4.08198467785077623e-01
 1.86644891662247930e-01
 3.79327632778765148e-02
 2.89391372491061821e-03
 8.01154846911824481e-01
 2.35704381292464123e-06
 5.85005257723066627e-07
 3.71205858428625701e+00
 8.10032844349723447e-01
 1.88308274136286362e-02
 1.28715065209750262e-01
 5.28136094592608369e-03
 7.29247793478066814e-04
 4.25657092551028765e-03
 1.35227571843364230e-01
 4.58216049996426796e-03
 1.43055772596857433e-02
 2.22427077131339308e-02
 1.06360331203718503e-01
 1.94888597834687982e-01
 1.15804602705954962e+00
 5.22021038551093608e-01
 9.63849821271032248e+00
 9.63908599958733525e+00
 9.63929463475179737e+00
 3.44104107756766316e-04
 2.42297733993910479e-04
 2.19234878991209011e-04