-8.64778057622510659e+01
 9.82563258031802222e-01
 3.15197638918727043e-03
 2.61904609587684713e-03
 1.06088043734456679e-02
 1.05691510171320086e-03
0.0
0.0
0.0
0.0
0.0
 2.99497221062021077e-03
 9.99998318006282361e-01
 1.96283737621402863e-08
 1.31522394345808327e-03
 7.77483342624985418e-01
 7.77349665365356102e-01
 5.04534321314568940e-06
 9.99923874123435530e-01
 9.99520172378925431e-01
 9.99988052511927683e-01
 1.08494358511885199e-04
 2.76173553794533655e+00
 1.81245515406182513e-04
 9.89053063710974789e-01
 7.59188361489980679e+00
 1.41365920015218705e+02