-7.36012665491750226e+01
 1.83355009357406701e-02
 3.22058606012825654e-01
 2.64458126686906547e-01
 2.10873892113677824e-05
 9.98432083644573032e-01
 4.47299292392497119e-02
 3.25250967781079703e-02
 1.35852465140958519e-03
 9.46645320290162573e-01
 1.02804289241836301e-03
 7.40666937010032306e-03
 3.85868315466763809e-04
 9.59110202894047137e-01
 9.92912087810512295e-03
 4.00892228795406425e-02
 8.04108963712975799e-01
 2.01654653975701455e-06
 4.91249762546477327e-07
 3.62311136404335832e+00
 7.90613114514319371e-01
 1.81986422410849551e-02
 1.27819672296952680e-01
 5.71459766668848401e-03
 6.97006766193651725e-04
 3.93512651307500582e-03
 1.35552200152835478e-01
 4.42772451284374584e-03
 1.35188322854860928e-02
 2.12567782744189117e-02
 1.03492631735654636e-01
 1.89941204752652831e-01
 1.13519941282381498e+00
 5.03740888124979080e-01
 9.19564313694292146e+00
 9.19601271398536646e+00
 9.19618856068091262e+00
 3.24704532342639032e-04
 2.31365951761218128e-04
 2.09248167845500559e-04