-8.13742866054348752e+01
 3.85740084506425033e-03
 6.23362605991538477e-01
 6.20869634762786782e-01
 2.96377568180046528e-06
 9.95086994955708737e-01
 2.47312912197863860e-02
 1.52467656479507961e-02
 4.43199456393004792e-04
 7.75643593699427925e-01
 4.43189603585468256e-04
 9.99995776148112525e-01
 2.44986923009354804e-02
 4.30445133195884923e-03
 8.90255992106867122e-01
 7.56986809630020376e-07
 9.33148710002706343e-08
 3.40709638601830411e+00
 7.43393237106690141e-01
 9.10024468654296523e-03
 1.18572508744281838e-01
 1.00591370176433929e-02
 3.01464767584710513e-04
 2.03973250543810266e-03
 1.37441977325405307e-01
 2.21225476111203048e-03
 7.41148286677835964e-03
 9.85303761815563110e-03
 7.36353708330565321e-02
 1.14198746951040209e-01
 1.20740788112238784e+00
 5.63564355249084992e-01
 8.19742300804800728e+00
 8.19648409537875189e+00
 8.19665985023160104e+00
 1.76031694081004364e-04
 1.06230442792675753e-04
 8.90043367454507146e-05