-9.06332921927218393e+01
 9.93873803892989294e+00
 1.25418180674748868e+02
 8.79807235175707197e-05
 2.84812552073764769e-01
 1.45020009956129851e-04
 2.84473210312050195e-01
 4.33204466215327766e-01
 6.74095262252083429e-04
 5.66121435078473678e-01
 4.32045524671752350e-09
 8.54996824088834373e-01
 1.13398838117011892e-02
 5.64007092541068364e-05
 1.24674888936513389e-07
 1.03349015763029774e-10
 7.75097722061954407e-12
 1.26740647959193264e-01
 6.72398638694495995e-03
 1.33772559850474457e-04
 1.18283298707120439e-06
 3.92202348082874715e-09
 9.99714727989574614e-01
 9.77968964689429621e-01
 8.23112336560832270e-02
 9.51308829324145955e-01
 2.67302861752104909e-02
 2.81654861654920860e-04
 1.31901871348715322e-06
 2.31640752658605296e-09
 1.51306754617162795e-02
 5.45316315824109082e-03
 9.95538769484575472e-04
 9.56764806974667051e-05
 2.76311448183882581e-06
 5.87895155626089960e-01
 1.70612523743511491e-01
 1.85801678436923884e-02
 9.07338395284126766e-04
 1.98391690120354945e-05
 3.72825285971225967e-02
 5.73094324052646729e-03
 2.42035859381152865e-02
 3.42839037591284590e-02
 1.20484054790596734e-01
 9.96696354167711851e-01
 4.34890413729607111e-04
 7.64831625489467075e-05
 9.54390871957557517e-06
 1.54044423484268370e-06
 9.64555722500861856e-01
 3.54262811247167200e-02
 2.50092439201011868e-07
 1.77446022571357010e-05
 1.43721238527800471e-01
 4.17901547498903819e-02
 4.55678211983172755e-03
 2.20830871849812084e-04
 4.01311658232103901e-06
 1.57872841121966000e-08
 2.86455003905367330e-09
 4.74874597829587408e-01
 2.70802417138593154e-01
 5.79105124525820872e-02
 5.50401776345978231e-03
 1.96171116910924277e-04
 4.19247845612644935e-04