-7.34972635641975955e+01
 3.50912478191813025e-03
 8.65761301476753786e-01
 8.60982116897613725e-01
 1.48129500538946466e-05
 9.98486417451828867e-01
 9.98466498898633703e-01
 1.14362473377935345e-03
 9.46263213593791730e-01
 3.90406611293550869e-04
 9.66127208166875362e-01
 4.80844593772661224e-03
 5.85050539467567938e-05
 4.58720528952372808e-01
 2.45219236339967511e-03
 4.25958050384306453e-01
 2.58727511395673085e-02
 1.24848204304839425e-02
 1.85907912306494477e-01
 7.18398378170958196e-01
 1.30017290514533499e+02
 5.70073219012435395e+00
 1.81422734100760108e+00
 8.31872317348763346e+00
 1.29690812346568379e+02
 6.32098070511526026e-05
 6.90993086514072859e-05
 6.31856508043767251e-01
 6.18358533192184812e-01