-7.71348275483649957e+01
 5.62975327966465551e-03
 9.16903121527955278e-01
 9.38124589055515212e-01
 2.26650431439755646e-04
 9.27860112586034069e-01
 2.11957735936832425e-03
 2.24076180829781632e-02
 1.03012100220263090e+01
 1.41459002684004930e-04
 1.31867138000000011e+02
 7.26084129570144787e-01
 1.32782820497682457e-02
 8.78504448655521353e-01
 1.32025033207065892e-04
 1.00959142669966395e+00
 9.98604412364506366e-01
 9.87659405331892983e-03
 9.68249218119115844e-03
 4.31051488369825107e-04
 9.64097543545522129e-01
 1.44278354706362133e-01
 3.35819896477349120e-04
 9.84190240638703417e-01
 3.02610990004627933e-01
 2.41707624695168067e-04
 9.50242541701392884e-01
0.0
0.0
 2.43361271407194086e-16
 3.09538848429717529e-15