-8.79337376052519488e+01
 7.87618907485761977e+00
 7.87627289174675660e+00
 1.43978231874866566e+02
 1.43978199307593627e+02
 7.73782498016252300e-05
 7.65016299467920956e-05
 2.00315732871629981e+00
 1.93042616288314961e+00
 7.39463689347747387e-03
 6.95741453129731346e-01
 6.95728195708929742e-01
 6.95651646429315318e-01
 4.52188555560868621e-01
 6.95597909215603383e-01
 1.90715022218979958e-04
 4.99522742995108959e-01
 2.72810170542765962e-01
 1.00570709723668658e-03
 9.99548880133267370e-01
 9.99533745595238998e-01
 5.12436071925834332e-04
 9.99548880548772223e-01
 9.99545575389244156e-01
 2.37881178957799302e-09
 9.99999990705337294e-01
 9.18897158757991384e-01
 9.99999990705387365e-01
 9.99819725736161180e-01
 9.99970037766495068e-01
 9.99999990703006714e-01
 9.99999990703148156e-01
 1.84136182027797566e-03
 8.16748069073189172e-06
 4.45866548020242615e-01
 2.47200561024573301e-01
 1.94312776716678502e-04
 9.96777535669107206e-01
 4.56814580912026702e-07
 5.70887570581063885e-07
 1.64243909978602949e-02