-7.34298028913948286e+01
 8.58263441950019301e-02
 1.96674960344500802e-05
 7.32681361652996266e+00
 1.02071894676140429e-04
 8.26195402756288666e-01
 9.99978249298825950e-01
 9.98826163751959650e-01
 1.87488242553014550e-01
 4.27638961326018585e-01
 3.42946397660552071e-02
 4.41890225842722847e-02
 7.34419451951083380e-01
 5.48737240970067930e-01
 2.99078073680760469e-03
 8.45410673559968684e-02
 8.43978912806012532e-02
 8.27296444660255648e-01
 6.02987578266453352e-03
 4.16097620479052507e-02
 2.91650359668487784e-05
 6.94036811881014737e-01