-7.45357983292840203e+01
 6.89751714405916205e-02
 2.16255198576821675e-05
 6.44412941000277595e+00
 8.71242630538739728e-05
 8.30642048634893548e-01
 9.99983913190395479e-01
 9.98710869369447085e-01
 1.33050247498326668e-01
 4.33092604388150282e-01
 3.20159719454709280e-02
 1.01788208502305633e-01
 7.73382590641321310e-01
 1.10727917948710702e-01
 2.42537295946367590e-03
 1.06590809098129055e-01
 4.01641916907823290e-02
 8.39915828752876736e-01
 5.68154805621517642e-03
 4.54781286015066497e-02
 1.12171181166223937e-05
 7.02092410526111044e-01