-8.12383302530543290e+01
 1.20703171981358022e+01
 1.22481333881931391e+02
 7.61913221746892598e-05
 2.59488055861961608e-01
 1.26804176982707191e-04
 2.59254982248292298e-01
 4.47435315041678439e-01
 6.55886618556943352e-04
 5.51908796494427589e-01
 2.80891256442098859e-09
 8.64372815793778004e-01
 2.36325744068795543e-02
 2.42299955500040789e-04
 1.10412618958837171e-06
 1.88679320928564215e-09
 1.41300314221100886e-10
 1.00315001602830162e-01
 1.09708451236745271e-02
 4.49926255838542424e-04
 8.20134421945166183e-06
 5.60980869516075404e-08
 9.99104554032466008e-01
 9.75421794400413433e-01
 7.12166241888947810e-02
 9.17055261727350635e-01
 5.25161448103224904e-02
 1.12771862796316323e-03
 1.07587430051248104e-05
 3.84959888226248844e-08
 1.42022646509427988e-02
 1.04233332512115081e-02
 3.86590034573496303e-03
 7.54100746753137469e-04
 4.43872992222662954e-05
 7.89697420382556081e-01
 7.04199541674839394e-04
 1.23518695875940915e-04
 2.41549974486390440e-05
 6.28499521363402816e-06
 1.98936574145408579e-01
 8.11424962465218461e-04
 6.35992165552484945e-01
 1.83555976003917237e-02
 2.12144830633137840e-04
 4.54289952013151204e-07
 2.67936767342286164e-01
 7.73484305065924929e-03
 9.08032912936918089e-05
 1.39806015276736908e-03
 6.71093613172537018e-02
 5.13588692720971462e-05
 1.48228651419102517e-06
 1.71314697351057029e-08
 3.67740227997138747e-11
 3.23717253883913814e-01
 4.11158396113897096e-01
 1.95448305333693895e-01
 4.11553478434784972e-02
 3.23083473558504093e-03
 9.74102624998881552e-04
 4.70620310795880764e-03
 8.92418900641791732e-03
 7.80965132315595677e-03
 2.64015965403677439e-03
 4.02722280268356436e-01
 2.03221075543840238e-03
 3.90474968098729639e-06
 6.91518641073472324e-09
 5.39969324535105738e-02
 2.76535640458240703e-04
 3.72673481519323322e-06
 8.97417077374717750e-03
 5.30955302018712438e-01
 3.08987953792339462e-05
 1.55919724400398020e-07
 2.99136244104374468e-10
 4.82200804331810030e-13
 1.76595045289812684e-03
 5.32923407444992114e-01