-9.06627136962886340e+01
 1.33697737350539292e+01
 1.33700923419833586e+01
 1.51903101106345559e+02
 1.51903055468801057e+02
 6.64260660377277397e-05
 5.77220453195853721e-05
 1.80757336449803052e+00
 1.80383895175507281e+00
 3.44213691563525970e+01
 3.44213470798068002e+01
 5.34833839020304263e-04
 8.63152431624698790e-01
 8.63060906267685946e-01
 7.28991493823038295e-01
 8.62883511254718072e-01
 1.13571736366602948e-04
 5.85870000681719350e-01
 3.40994410273617266e-01
 8.36706361433798033e-04
 9.99720205066983891e-01
 9.99718266536824940e-01
 4.26290069664262653e-04
 9.99720205283408880e-01
 9.99719812219732273e-01
-1.18461105954937733e-48
 9.99999995558186860e-01
 9.48339454897360046e-01
 9.99999995558203514e-01
 9.99897017270317989e-01
 9.99977234653462110e-01
 9.99999995557129706e-01
 9.99999995557180998e-01
 5.33783891259319732e-04
 3.09621439985730462e-04
 9.98384371037060125e-01
 7.43635721184628161e-04
 6.11522154995044987e-04
 2.52370502735528308e-04
 8.06581529631816880e-06
 2.29314165118102958e-01
 1.43159360033280467e-04
 3.05906197848551535e-33
 3.26700271691967134e-33
 1.31096153416564928e-02