-8.67567951727444040e+01
 8.27029827889914415e+00
 8.26997978391613664e+00
 8.26998799984940725e+00
 1.43728884393028437e+02
 1.43729309519540493e+02
 1.43729307773121121e+02
 4.36608414973964891e-05
 1.02466517183448822e-04
 1.02463401384512512e-04
 1.24743764970919568e+00
 1.26361514951996212e+00
 1.26493045491765033e+00
 6.26426679225668831e-03
 7.90680653047543869e-01
 7.90608340649941010e-01
 7.92488449831433739e-01
 5.82739418669926401e-01
 7.92649628856194832e-01
 2.38485917366557505e-04
 4.62420749634085415e-01
 2.37518396749618388e-01
 2.71268215598659279e-04
 6.30531320821916208e-01
 9.90024927986122960e-01
 6.85374549216215066e-09
 9.99999968891431501e-01
 9.23560416864408595e-01
 9.99999968853032661e-01
 9.99999800119437565e-01
 9.99959691042488608e-01
 9.99999969024552349e-01
 9.99999968939466632e-01
 5.64333862065543538e-03
 3.00991266123161287e-04
 9.94302775128842464e-01
 5.54774901334387292e-04
 5.83071612307080711e-01
 1.94602114786424474e-01
 2.20751091810173844e-04
 2.30220732443142978e-01
 9.97066328905297006e-01
 1.49860569277570095e-06
 5.62433239578418995e-66
 4.68593467128419705e-01
 5.16053204753691864e-03