-7.52708067086691415e+01
 7.60336257513495681e-03
 8.78330140895952849e-01
 9.00032475599688797e-01
 1.59650667673922170e-05
 9.98822058044185446e-01
 4.26414205528386353e-02
 3.15115125775900992e-02
 4.18668555838198984e-03
 6.59220549443426725e-03
 1.16739844224826475e-03
 9.53556520295030019e-01
 3.17706693553255798e-04
 9.63891694256599263e-01
 7.60336257513495421e-03
 5.45897116559057385e-02
 8.05809378503555385e-01
 1.75671623008399100e-06
 4.23343276046072084e-07
 3.66005818662869187e+00
 7.98688133047658511e-01
 1.77684479435966068e-02
 1.27448293878361041e-01
 5.89077168030869777e-03
 6.75598492188626788e-04
 3.80956650948507166e-03
 1.35677938917065366e-01
 4.32311494241201157e-03
 1.28854419960352379e-02
 2.06064246917963996e-02
 1.01044548996946135e-01
 1.86546548814153557e-01
 9.37536890405856305e+00
 9.37636436510145188e+00
 9.37661527699403230e+00
120.0
 1.11321915900523893e+00
 3.09131470359634032e-04
 2.24166852463124838e-04
 4.86684235768961138e-01
 2.02637997785730644e-04